%YAML:1.0
vpd_gt: !!opencv-matrix
   rows: 2
   cols: 9
   dt: d
   data: [-0.769240, -0.157400, 0.619270, -0.069649, 0.984064, 0.163604, 0.635262, -0.084273, 0.767685]
camera_params: !!opencv-matrix
   rows: 3
   cols: 3
   dt: d
   data: [674.92, 0,      308.55,
          0,      674.92, 252.45,
          0,      0,      1]
