%YAML:1.0
vpd_gt: !!opencv-matrix
   rows: 1
   cols: 9
   dt: d
   data: [-0.769240, -0.157400, 0.619270, -0.069248, 0.984012, 0.164088, 0.635197, -0.083340, 0.767841]
