%YAML:1.0
horizon_lines: !!opencv-matrix
   rows: 103
   cols: 3
   dt: d
   data: [0.01539374977716491,-0.999881509213866,366.2372463345254,
         0.01925401216987706,-0.9998146243256109,585.0239076877667,
         -0.03106866894222875,-0.9995172523824478,318.3237934473128,
         0.04753688256793805,-0.9988694833639287,842.3097872468916,
         -0.04734890819568126,-0.9988784114659186,900.6579794990072,
         -0.006747935597178121,-0.999977232423407,572.4279308786488,
         -0.02629890792905995,-0.999654123905733,504.2572558437125,
         -0.03371181062788245,-0.9994315953701832,535.8290501790686,
         -0.1614718056077828,-0.9868773257065755,1086.384964220258,
         0.01239835169769178,-0.999923137483667,850.5825781382255,
         0.01205357401084084,-0.999927353037992,567.2972156322361,
         -0.01724299810718615,-0.9998513284565238,524.4689304049865,
         -0.02939532585649379,-0.9995678640381505,606.8489356818301,
         -0.0155688712589884,-0.9998787977788713,670.0480234993083,
         0.0008445851492706611,-0.9999996433378993,518.7815447868736,
         0.06614648717256531,-0.9978099228985097,713.7545006179664,
         -0.004717218830469582,-0.9999888738613572,551.4939233557636,
         -0.06058538702982746,-0.9981630181881344,579.0454518844061,
         -0.01966087627908627,-0.9998067062907403,961.809638701136,
         -0.003661066371159696,-0.9999932982740565,599.2074554633281,
         0.0985321809441413,-0.9951338650243949,701.0994081056346,
         -0.01485310495790378,-0.9998896865520264,594.7470077697262,
         -0.01087686644986394,-0.9999408451384673,481.0358506252506,
         -0.002839439191410647,-0.9999959687844138,391.5436533441267,
         0.004111068810434588,-0.9999915495209127,490.3880621015513,
         -0.00742631115349016,-0.9999724245711237,321.9435182904681,
         0.0216320180590553,-0.9997660005194678,580.6343415918614,
         -0.06575419031888273,-0.9978358514582989,714.203932147169,
         -0.03469875894370893,-0.9993978167515508,862.2215443610586,
         -0.00561693531598684,-0.999984224894401,559.1544087258068,
         0.007009844012226408,-0.999975430741638,472.4745899205117,
         0.01062095418315461,-0.9999435960754182,673.9821895714342,
         -0.03514085068520918,-0.9993823695728875,607.5547727353088,
         -0.0322910875241542,-0.9994785068557039,794.4281189394179,
         -0.0004243343625065063,-0.9999999099701703,544.3355643239902,
         -0.06645413624668055,-0.997789480690044,882.9965348953785,
         0.0194283622352782,-0.9998112515574401,458.9578454948519,
         0.04232211035431587,-0.9991040180957922,648.2345996204682,
         -0.08725497874233107,-0.996186011086622,654.8256818732659,
         0.01409826363673944,-0.9999006145424798,538.4064697810521,
         0.01152108980360276,-0.999933630042383,596.1117064805353,
         0.04878778715390719,-0.9988091668705414,638.1617074173532,
         -0.03474489445932456,-0.9993962138756632,502.3890466432334,
         0.03565281919862363,-0.9993642361437546,214.5537009630706,
         0.01139482990296491,-0.9999350768182316,593.7676870598121,
         0.02215019759837893,-0.9997546542759141,439.7765980669716,
         -0.01694484523318434,-0.9998564258032366,525.2770746936469,
         0.09684560588932663,-0.9952994165676624,500.8194268630478,
         -0.0182649844056852,-0.9998331812580836,409.8868278827068,
         -0.01266151456259457,-0.9999198398116627,657.8220016535261,
         -0.03092595206171216,-0.9995216783487374,500.6283635469277,
         -0.008964875846858837,-0.9999598146930957,596.8955031453202,
         -0.0006565855681900182,-0.9999997844476725,590.9291327428633,
         0.02628206513900617,-0.9996545668639888,616.2082697865984,
         -0.06174406004421386,-0.9980920153218622,482.7502213613862,
         -0.02337937387964343,-0.9997266650825094,573.6902556121619,
         0.03755860750102062,-0.9992944265843697,865.1531425899691,
         -0.07194312088285738,-0.9974087363551787,703.068999962018,
         0.01777012753114541,-0.9998420988173716,585.3238404143656,
         -0.01767767132924548,-0.9998437377592436,466.1286672063563,
         0.04492136690680363,-0.9989905258786113,521.6810664059112,
         0.01245252200634068,-0.9999224643419518,376.1250275653796,
         -0.0191750400785424,-0.9998161420171143,494.1773853249647,
         0.03684345940505394,-0.9993210492624821,665.0236568516967,
         0.2196811725163986,-0.9755717208087883,837.6226597449767,
         0.01574395378647478,-0.9998760562785616,623.7757959304157,
         -0.0531949343082057,-0.9985841471623438,536.5398837931289,
         -0.008618856507395,-0.99996285696645,504.9372468963668,
         -0.01350046816926981,-0.9999088645267682,498.9654898924009,
         -0.0505282029050543,-0.9987226345243135,516.4739985722262,
         -0.005116001128127921,-0.9999869131805962,438.4011862355589,
         -0.03366728599236209,-0.9994330962370161,575.7179001813096,
         0.001820669901163994,-0.999998342579182,380.7440042944838,
         -0.07252405433479256,-0.9973666635409688,950.448448146921,
         0.003681414125695942,-0.9999932235720576,494.194296493785,
         -0.02998410502611687,-0.9995503756418597,520.1494524940728,
         -0.02618803474051619,-0.999657034605584,572.8525468509171,
         0.00929158482597703,-0.9999568322939856,386.1916883309797,
         -0.008748992021812955,-0.9999617268368837,883.5524789713008,
         -0.06437895995167386,-0.9979255230304218,604.3797533601405,
         0.01772465068320999,-0.999842906039823,721.8715689616284,
         -0.02655790053294721,-0.9996472767527964,488.116508423659,
         -0.03365019214087447,-0.9994336719206943,528.7888360005398,
         0.0123109000690394,-0.9999242179982891,913.4888125560386,
         0.01328946119897668,-0.9999116912112995,537.7475541184122,
         -0.008171211300762251,-0.9999666150956632,644.7944095160352,
         -0.03754084290266087,-0.9992950941109227,639.149376157599,
         0.01137448944053236,-0.9999353084024821,375.6194345265841,
         -0.008126408642396422,-0.9999669801961347,506.580976423173,
         0.004659524343184988,-0.9999891443575252,795.601329791743,
         -0.03053846306552728,-0.9995335923687584,615.5482316737233,
         -0.04441192301107214,-0.9990133037624966,585.4465999980207,
         -0.01764908368937605,-0.9998442427923088,588.2361339776777,
         0.01359339111356338,-0.9999076055906534,575.9248239650683,
         -0.0008385337974773253,-0.9999996484304733,371.8275530438781,
         -0.009524699958364101,-0.9999546390165422,509.1589821257855,
         0.0334952534736303,-0.9994388765676154,498.0236709331571,
         -0.02029308138133721,-0.9997940742213119,598.9125904236113,
         0.008922077659387033,-0.9999601974729992,896.8292332222165,
         0.01872484497393607,-0.9998246747208741,602.2093320944782,
         -0.02863595557501292,-0.9995899069359923,1139.752238206681,
         0.1324480724804855,-0.991189945518115,984.8611691722891,
         -0.01294527845097746,-0.9999162063722272,1140.833677630236]

