%YAML:1.0
horizon_lines: !!opencv-matrix
   rows: 102
   cols: 3
   dt: d
   data: [ 0.017651673, -1, 340.11453,
           -0.070373096, -1, 379.32727,
           0.020445444, -1, 390.8031,
           -0.023904003, -1, 309.21722,
           0.0052492647, -1, 242.68094,
           0.021071594, -1, 267.23996,
           0.011447811, -1, 229.98103,
           0.010994415, -1, 260.46924,
           0.015135987, -1, 247.1573,
           -0.0026814963, -1, 168.72121,
           0.0086501269, -1, 186.86044,
           0.017845688, -1, 269.86819,
           -0.0002678521, -1, 254.48177,
           0.012490339, -1, 264.20419,
           0.0041997368, -1, 244.96713,
           0.0094957966, -1, 268.33115,
           0.0088915955, -1, 218.96729,
           0.0075815571, -1, 238.55342,
           0.0179177, -1, 275.78622,
           0.011434272, -1, 239.00023,
           -0.001380172, -1, 249.59586,
           0.0027483488, -1, 246.64621,
           0.0036369213, -1, 247.23155,
           0.0032331175, -1, 275.96512,
           0.016924435, -1, 374.58255,
           0.025686175, -1, 185.9592,
           0.004139577, -1, 225.98071,
           0.02273274, -1, 21.700195,
           0.0097032506, -1, 117.26614,
           0.023480646, -1, 89.471375,
           0.016549662, -1, 258.47842,
           0.0011787484, -1, 311.76096,
           0.013426514, -1, 176.50739,
           0.022297628, -1, 201.62057,
           0.00032513106, -1, 225.27974,
           0.0031264592, -1, 189.04683,
           -0.0058368449, -1, 230.17119,
           0.0074771903, -1, 223.10268,
           0.0074500553, -1, 221.06204,
           -0.00061776914, -1, 218.85144,
           -0.011917439, -1, 290.76596,
           0.0013602468, -1, 289.46805,
           0.024865076, -1, 287.56946,
           -0.012133702, -1, 344.82654,
           0.015299221, -1, 256.20853,
           -0.026188852, -1, 337.52594,
           0.009425899, -1, 283.28165,
           -0.0009701713, -1, 230.14636,
           0.010893868, -1, 221.57103,
           -0.003989697, -1, 232.33626,
           0.013100217, -1, 233.04564,
           0.022375179, -1, 230.38026,
           0.0096780555, -1, 248.34676,
           0.012742715, -1, 264.57227,
           0.013124054, -1, 234.30316,
           0.026001072, -1, 272.01273,
           0.00084360637, -1, 272.95001,
           0.020454619, -1, 154.56111,
           0.016921362, -1, 236.78062,
           -0.0097711328, -1, 252.56461,
           0.0013634164, -1, 247.93663,
           -0.0037452909, -1, 292.58813,
           0.0042181853, -1, 269.96811,
           0.0086300243, -1, 333.90396,
           -0.009125568, -1, 326.82928,
           0.019322557, -1, 318.75861,
           0.0069748214, -1, 353.0155,
           -0.00067995163, -1, 398.37534,
           -0.00998946, -1, 348.67517,
           -0.012724539, -1, 346.82794,
           -0.0032036565, -1, 316.1604,
           -0.0053856061, -1, 292.48608,
           -0.028668787, -1, 362.43799,
           -0.0087146787, -1, 289.21286,
           0.006655646, -1, 304.6875,
           -0.0074866833, -1, 200.85429,
           0.015616971, -1, 201.91446,
           0.0033419565, -1, 208.15604,
           0.0084487703, -1, 167.62589,
           -0.0042596492, -1, 283.14023,
           -0.0046851812, -1, 362.47205,
           -0.027062191, -1, 341.16489,
           -0.0035645727, -1, 301.25943,
           0.0022204781, -1, 274.57928,
           -0.022402864, -1, 309.24277,
           -0.0001694159, -1, 216.3006,
           0.0075971023, -1, 239.23619,
           0.0076700849, -1, 324.37729,
           0.0033522209, -1, 295.11786,
           0.0072226664, -1, 226.07239,
           0.0041224989, -1, 254.70654,
           0.0019327283, -1, 275.9054,
           0.0032503898, -1, 235.6635,
           -0.010243442, -1, 264.4209,
           0.011524238, -1, 297.23325,
           -0.0035328784, -1, 284.16553,
           0.012461394, -1, 330.12946,
           -0.00050569564, -1, 346.21701,
           -0.015095457, -1, 348.67676,
           0.0070592607, -1, 313.2352,
           -0.019837366, -1, 340.96988,
           0.0092519037, -1, 275.28088]

