%YAML:1.0
horizon_lines: !!opencv-matrix
   rows: 102
   cols: 3
   dt: d
   data: [0.07037309790072428,1,-379.3272776422791,
         -0.02044544444382442,1,-390.8030995724347,
         0.0239040025266493,1,-309.2172286296152,
         -0.005249264649985328,1,-242.6809456346786,
         -0.02107159369669743,1,-267.2399584534509,
         -0.01144781123186627,1,-229.9810347622453,
         -0.01099441520279608,1,-260.4692412507879,
         -0.01513598671686967,1,-247.1573049244598,
         0.0026814964253773,1,-168.7212089406291,
         -0.008650126844996834,1,-186.8604489623281,
         -0.01784568828273328,1,-269.8681858481821,
         0.0002678521041421492,1,-254.4817644638472,
         -0.0124903385290784,1,-264.2041829352883,
         -0.004199736957475817,1,-244.967135822208,
         -0.009495797014215931,1,-268.3311466822428,
         -0.008891595281628896,1,-218.967292743888,
         -0.007581557361862136,1,-238.5534160157615,
         -0.01791770020744629,1,-275.7862152944115,
         -0.01143427172094967,1,-239.0002250237694,
         0.00138017195827247,1,-249.5958577048488,
         -0.002748348713114448,1,-246.6462091954759,
         -0.00363692117425096,1,-247.2315469922474,
         -0.003233117410378123,1,-275.9651217822801,
         -0.01692443524826859,1,-374.5825628669725,
         -0.02568617478233069,1,-185.9591993405841,
         -0.004139577215230865,1,-225.980710969896,
         -0.02273274077887329,1,-21.70019486391205,
         -0.009703250981116884,1,-117.2661462333641,
         -0.02348064708082865,1,-89.4713768462567,
         -0.01654966092116535,1,-258.4784092680252,
         -0.001178748431346331,1,-311.7609462962824,
         -0.01342651443666517,1,-176.5073839699134,
         -0.02229762884896884,1,-201.6205817772716,
         -0.0003251310540037157,1,-225.2797386075427,
         -0.003126459213233565,1,-189.0468268504658,
         0.005836844741822308,1,-230.1711843797036,
         -0.007477190374461942,1,-223.1026818423864,
         -0.00745005549863953,1,-221.0620373534451,
         0.0006177691103061689,1,-218.8514467783861,
         0.01191743972202266,1,-290.7659553339289,
         -0.001360246834321677,1,-289.4680356920766,
         -0.0248650760788244,1,-287.5694550757486,
         0.01213370201039698,1,-344.8265318428242,
         -0.01529922033194599,1,-256.2085123897316,
         0.02618885190090313,1,-337.5259520216003,
         -0.009425898987421173,1,-283.2816542588062,
         0.0009701713262444319,1,-230.1463660678193,
         -0.01089386850600794,1,-221.5710322121716,
         0.003989697072936453,1,-232.336255502101,
         -0.01310021751202777,1,-233.0456444184654,
         -0.02237517926073088,1,-230.3802689829172,
         -0.009678055453027233,1,-248.3467627657692,
         -0.01274271537185069,1,-264.5722798137394,
         -0.01312405443347105,1,-234.3031557969527,
         -0.02600107231762028,1,-272.0127332719871,
         -0.0008436063469672758,1,-272.9500249236053,
         -0.0204546181707835,1,-154.5611042343447,
         -0.0169213627458958,1,-236.7806224140298,
         0.009771133103325032,1,-252.5646131896589,
         -0.001363416383315981,1,-247.9366327714315,
         0.003745290974790123,1,-292.5881451878762,
         -0.004218185334208161,1,-269.9681112230958,
         -0.008630024441012617,1,-333.9039554699725,
         0.009125568061586913,1,-326.8292849979338,
         -0.01932255655880845,1,-318.7586078424484,
         -0.006974821602251308,1,-353.015500796559,
         0.0006799516060122302,1,-398.3753344531162,
         0.00998945999051579,1,-348.6751849099792,
         0.01272453910962489,1,-346.8279423590309,
         0.003203656485511405,1,-316.1604111932186,
         0.005385605977143101,1,-292.4860816216861,
         0.0286687878479068,1,-362.4379952797376,
         0.008714678494973037,1,-289.2128745251575,
         -0.006655646011034565,1,-304.687512722902,
         0.007486683316807303,1,-200.8542990216437,
         -0.01561697062599361,1,-201.9144599190066,
         -0.00334195653599859,1,-208.1560329769686,
         -0.008448770459319563,1,-167.6258847836843,
         0.004259649423902797,1,-283.1402372431102,
         0.004685181125635447,1,-362.4720546712823,
         0.02706219031730814,1,-341.1648874391456,
         0.003564572701999332,1,-301.2594164622107,
         -0.002220478196848983,1,-274.579281856398,
         0.02240286398748996,1,-309.2427570551804,
         0.0001694159002060154,1,-216.3005978072063,
         -0.007597102158808651,1,-239.2361971637953,
         -0.007670084730259613,1,-324.3772854324385,
         -0.003352220909826968,1,-295.1178624814807,
         -0.007222666392187143,1,-226.0723813047494,
         -0.004122499113837629,1,-254.7065455893837,
         -0.001932728359448285,1,-275.9053942714735,
         -0.003250389900298175,1,-235.6634933903288,
         0.01024344199074359,1,-264.4209122662047,
         -0.01152423756090697,1,-297.2332449383521,
         0.003532878409136056,1,-284.1655256594919,
         -0.01246139427751785,1,-330.1294586783006,
         0.0005056956325946345,1,-346.2170236866926,
         0.01509545766320815,1,-348.6767681044595,
         -0.007059260906646302,1,-313.2352068672642,
         0.01983736683689801,1,-340.9698836137222,
         -0.009251903715350644,1,-275.2808798403921,
         -0.01765167256886694,1,-340.1145325190946]

